Consensus
1       ER      10 0.6556
2       RF      10 0.7250
3      RGG      10 0.7417
4       SB      10 0.6069
5       ER      40 0.6104
6       RF      40 0.6920
7      RGG      40 0.6483
8       SB      40 0.4854

Correct Consensus
1       ER      10 0.6000
2       RF      10 0.5889
3      RGG      10 0.6361
4       SB      10 0.5556
5       ER      40 0.5858
6       RF      40 0.5840
7      RGG      40 0.6483
8       SB      40 0.4837

Incorrect Consensus
1       ER      10 0.055556
2       RF      10 0.136111
3      RGG      10 0.105556
4       SB      10 0.051389
5       ER      40 0.024653
6       RF      40 0.107986
7      RGG      40 0.000000
8       SB      40 0.001736